VISDATA
44
0 0
1 0
2 0
3 0
4 22  5 7 28 29 38 16 17 12 15 10 21 20 22 31 24 23 36 18 34 40 26 43 
5 22  7 4 29 12 10 15 16 38 28 17 36 31 24 18 23 22 21 34 20 40 26 43 
6 0
7 22  15 10 16 5 24 23 22 12 17 34 4 21 36 18 28 29 26 20 38 31 40 43 
8 0
9 0
10 22  7 18 26 12 34 24 31 23 15 5 40 29 22 43 16 4 36 38 17 21 20 28 
11 0
12 22  10 31 18 29 7 5 36 26 40 4 38 15 34 24 23 43 16 22 17 28 21 20 
13 0
14 0
15 22  22 7 17 23 21 24 20 16 28 34 10 5 4 26 12 36 18 29 38 43 40 31 
16 22  22 21 20 7 28 23 24 17 15 5 4 34 10 12 36 26 38 29 18 43 40 31 
17 22  21 15 20 28 22 16 7 23 24 4 5 34 43 10 38 12 29 36 26 18 40 31 
18 22  10 26 31 12 34 43 7 24 40 23 36 29 5 15 22 16 4 38 21 17 20 28 
19 0
20 22  16 17 22 15 28 23 24 7 34 4 5 21 10 26 36 18 12 38 43 29 40 31 
21 22  17 16 22 15 23 28 24 7 34 5 4 10 20 26 36 12 18 38 43 29 40 31 
22 22  15 16 21 24 23 20 17 34 7 10 26 28 36 5 18 4 43 12 40 29 31 38 
23 22  15 22 7 16 34 21 10 26 20 17 18 36 43 5 28 12 40 24 31 4 29 38 
24 22  22 15 7 16 10 34 26 21 20 17 18 36 43 5 12 28 40 31 23 4 29 38 
25 0
26 22  10 18 34 23 24 31 36 43 40 12 7 22 15 16 29 5 21 20 17 4 38 28 
27 0
28 22  17 16 21 20 15 4 7 5 22 23 38 24 29 10 12 34 36 26 18 31 40 43 
29 22  12 5 4 38 31 7 10 18 36 40 26 15 16 28 17 24 34 23 22 43 21 20 
30 0
31 22  18 12 10 26 36 29 43 7 34 5 40 38 24 4 23 15 22 16 17 21 28 20 
32 0
33 0
34 22  26 22 23 10 24 7 18 15 36 16 43 21 20 12 40 31 17 5 29 28 4 38 
35 0
36 21  40 43 26 12 31 7 34 18 23 24 15 5 29 10 22 16 4 17 21 20 28 
37 0
38 19  4 5 29 12 7 28 31 10 16 17 15 18 21 24 20 34 22 26 23 
39 0
40 21  36 43 26 12 10 18 34 29 31 7 24 23 5 15 22 4 16 21 17 20 28 
41 0
42 0
43 21  40 36 26 18 31 34 10 23 24 17 12 22 7 15 29 16 21 5 20 4 28 
