VISDATA
35
0 0
1 0
2 18  3 9 31 8 11 12 25 29 13 27 14 23 22 32 15 26 19 21 
3 18  2 11 9 8 31 12 13 25 14 29 27 32 23 26 22 21 19 15 
4 0
5 0
6 0
7 0
8 18  2 31 3 11 9 12 29 25 13 14 27 23 22 32 15 26 21 19 
9 18  2 3 8 11 31 29 25 12 27 13 14 23 22 15 32 26 19 21 
10 0
11 18  12 13 3 2 14 8 9 31 32 26 25 29 21 19 27 23 15 22 
12 18  11 14 13 3 32 2 8 9 26 31 21 19 25 15 29 22 27 23 
13 18  12 11 14 32 26 3 2 21 8 19 9 31 15 22 25 23 29 27 
14 18  12 32 13 26 11 21 19 3 2 8 9 15 31 22 23 25 29 27 
15 18  22 19 21 23 26 27 25 32 29 14 13 3 12 2 31 11 9 8 
16 0
17 0
18 0
19 18  26 15 32 22 14 21 23 13 12 27 25 3 29 11 2 31 9 8 
20 0
21 18  32 26 15 22 14 19 13 23 12 27 25 3 11 29 2 31 9 8 
22 18  15 23 27 25 19 29 21 26 32 3 2 31 14 9 13 8 12 11 
23 18  22 25 27 15 29 19 21 31 2 26 3 9 8 32 14 13 11 12 
24 0
25 18  23 27 22 29 31 2 15 9 3 8 19 21 11 26 12 32 13 14 
26 18  19 32 21 14 15 13 22 12 23 11 3 25 27 2 29 8 9 31 
27 18  23 25 29 22 15 31 2 9 3 8 19 21 26 11 32 12 13 14 
28 0
29 18  27 23 25 22 31 9 2 3 8 15 11 19 21 12 26 13 32 14 
30 0
31 18  2 8 3 29 9 25 11 27 12 23 13 14 22 15 32 26 19 21 
32 18  26 14 21 19 13 12 15 11 22 3 23 2 25 27 8 9 29 31 
33 0
34 0
