VISDATA
34
0 0
1 0
2 0
3 0
4 0
5 0
6 0
7 0
8 0
9 0
10 0
11 14  12 13 14 26 25 29 21 24 28 20 18 16 23 22 
12 14  11 14 13 26 21 20 18 16 25 24 29 28 22 23 
13 14  11 12 14 26 21 20 18 16 24 22 25 29 23 28 
14 14  12 13 11 26 21 20 18 16 22 24 23 25 29 28 
15 0
16 14  20 21 22 26 23 24 18 28 25 29 14 13 12 11 
17 0
18 14  21 20 26 22 23 24 16 28 25 14 29 13 12 11 
19 0
20 14  16 26 18 22 21 24 23 14 28 13 25 12 29 11 
21 14  16 18 26 22 20 14 24 23 28 13 12 25 11 29 
22 14  24 23 16 18 25 28 20 29 21 26 14 13 11 12 
23 14  22 24 25 28 29 16 18 20 21 26 14 11 13 12 
24 14  22 25 23 28 29 16 18 20 21 26 11 14 13 12 
25 14  24 23 22 28 29 16 18 20 21 11 26 12 13 14 
26 14  20 18 16 21 14 13 22 12 23 24 11 25 28 29 
27 0
28 14  24 23 22 25 29 18 16 20 21 11 26 12 13 14 
29 14  24 23 25 22 28 16 18 11 20 21 12 26 13 14 
30 0
31 0
32 0
33 0
